-1.131220438713026397e+03
-1.234335880047388173e+03
-1.057744900310821095e+03
-1.767147576209223416e+03
-1.410408491762752874e+03
-8.990349014747557703e+02
-1.650673242285054584e+03
-1.829813997679492786e+03
-1.143389824824055040e+03
-9.658456152754031336e+02
-1.822546033044992328e+03
-1.764269285511220687e+03
-1.633160411770201563e+03
-1.317991382162974105e+03
-1.762292669601635225e+03
-1.170684348423534402e+03
-1.145354549592159174e+03
-1.413252812313224922e+03
-1.126405442111012690e+03
-1.799866987196949822e+03
-1.178523007362521184e+03
-1.030893993891390664e+03
-1.785249554928140697e+03
-1.169617851612414825e+03
-1.049263435415940648e+03
-1.069745066506028024e+03
-1.215938407414337462e+03
-1.393893074301814295e+03
-1.404931280492711721e+03
-1.363227779158345129e+03
-9.199655199927597096e+02
-1.270589458631338175e+03
-1.358373956711230676e+03
-1.413255923321449245e+03
-1.131584522052612101e+03
-1.226412982675505418e+03
-1.443806637158465492e+03
-1.258158250982706249e+03
-1.310692149274583699e+03
-1.357115132300431014e+03
-1.235756002747453067e+03
-1.322642380870039233e+03
-1.381279975548978427e+03
-1.377405590485538596e+03
-1.383322995285773914e+03
-1.403768153500842118e+03
-1.433342169427382260e+03
-1.354594051295260670e+03
-1.391614767789147209e+03
-1.396252960275855003e+03
-1.375131367554013195e+03
-1.350286825343723649e+03
-1.348445205952157266e+03
-1.349710506773484440e+03
-1.338864350965581707e+03
-1.388393846719838166e+03
-1.288810894749779663e+03
-1.381179472339599215e+03
-1.355108976084589813e+03
-1.337443904346963564e+03
-1.392622289454738848e+03
-1.435496499892654356e+03
-1.464107398939705490e+03
-1.432597796248218174e+03
-1.355570281164865492e+03
-1.377944161895324669e+03
-1.393173077689205229e+03
-1.347416827173121192e+03
-1.347494323120857644e+03
-1.384394393877099219e+03
-1.443670449960093720e+03
-1.399854015436788586e+03
-1.491990959537889921e+03
-1.488362559548963418e+03
-1.347222038747834404e+03
-1.517210299249274385e+03
-1.407934697657251263e+03
-1.402224988971313223e+03
-1.351213838672244947e+03
-1.417105571734839259e+03
-1.280990890327946090e+03
-1.169381031782122591e+03
-1.412304470024839020e+03
-1.360154815580542618e+03
-1.444205041982356988e+03
-1.351239676161055513e+03
-1.409511657873149488e+03
-1.388684713978169839e+03
-1.326289424737910167e+03
-1.461237164940482671e+03
-1.440146348925833308e+03
-1.340895630311061950e+03
-1.345445129578553860e+03
-1.411262462611816773e+03
-1.365991341603552200e+03
-1.399745282265704645e+03
-1.419821096984939686e+03
-1.432723934579278421e+03
-1.475866152163709103e+03
-1.488248140977805406e+03
-1.397017690686742981e+03
-1.370190503447655828e+03
-1.390049135376230424e+03
-1.405345980470456880e+03
-1.411115365238162440e+03
-1.334129465395640636e+03
-1.447546131201123444e+03
-1.381228663985471485e+03
-1.429852019535807813e+03
-1.491812680137142706e+03
-1.376098607699114154e+03
-1.340450200966958619e+03
-1.425634492113993474e+03
-1.376639014748932595e+03
-1.310088084553799035e+03
-1.381349905513631029e+03
-1.419940366137935598e+03
-1.364558616213980486e+03
-1.388561613775464366e+03
-1.437588176871055339e+03
-1.300271506927756946e+03
-1.386426415019108845e+03
-1.397535822348707597e+03
-1.597665390211928298e+03
-1.396103150594012959e+03
-1.322505889145420269e+03
-1.312033356975391598e+03
-1.345502008543162447e+03
-1.393882260822903618e+03
-1.390423919900919600e+03
-1.354592959248890793e+03
-1.402963707485358327e+03
-1.383196198537277269e+03
-1.410873871403951625e+03
-1.467760091870514316e+03
-1.347517849626475936e+03
-1.434407838523574355e+03
-1.355666551437235285e+03
-1.248228388493880402e+03
-1.325121460439036582e+03
-1.374823092122806884e+03
-1.308251218322625618e+03
-1.254052885114947685e+03
-1.373250038846901589e+03
-1.307589170454337136e+03
-1.422185081576817311e+03
-1.415048944764057751e+03
-1.338550226287275564e+03
-1.316501555554762490e+03
-1.220997453697446645e+03
-1.389361147987876393e+03
-1.414662971923077066e+03
-1.413375232433223346e+03
-1.176971101846699639e+03
-1.315895844170697274e+03
-1.212291490711526194e+03
-1.385722785072645138e+03
-1.395100837778722507e+03
-1.212709039718563190e+03
-1.314509322594539071e+03
-1.173819834990285699e+03
-1.377615591111043841e+03
-1.435751409384418594e+03
-1.352289941977962599e+03
-1.338603556329252115e+03
-1.378571582533022365e+03
-1.268722348852054211e+03
-1.217313592608393947e+03
-1.206652766150160687e+03
-1.224711132918181193e+03
-1.087601991851984849e+03
-1.160260851497176418e+03
-1.177828457957272349e+03
-1.181853400606590640e+03
-1.281377923065864934e+03
-1.048669054094891635e+03
-1.236022175471520541e+03
-1.258198479938344235e+03
-1.192211695106880597e+03
-1.240229848966843065e+03
-1.456880334416819096e+03
-1.209848135945282365e+03
-1.235550043921161432e+03
-1.341584634206312558e+03
-1.354827564033761519e+03
-1.270379729394890091e+03
-1.163573182165213666e+03
-1.300816663379087686e+03
-1.193302038250390297e+03
-1.225504603261957755e+03
-1.338113958529430874e+03
-1.204763871341556069e+03
-1.198859114832913974e+03
-1.219019142427914858e+03
-1.205152892452191054e+03
-1.175005698126512698e+03
-1.170037132871956146e+03
-1.078809899173049416e+03
-1.032897741679507590e+03
-1.179509872714599624e+03
-9.955626086659980274e+02
-1.027328908286968499e+03
-1.193000367769357808e+03
-1.118585030207531645e+03
-1.038566702372333339e+03
-1.049366048725846213e+03
-1.095432810889178427e+03
-1.330191183550621645e+03
-1.077945693900400556e+03
-1.012552620857711304e+03
-1.105687882711861903e+03
-7.542092193981100081e+02
-1.177121556453212634e+03
-1.243519464778147949e+03
-1.181126658135699017e+03
-9.779084691943618282e+02
-9.905651478207191758e+02
-9.481230696784562042e+02
-1.013344296993514831e+03
-1.215783077079571058e+03
-1.160124224735594680e+03
-9.026987192935965822e+02
-1.124911274375815083e+03
-9.912807577230755669e+02
-1.005646942705978972e+03
-1.131170997521586742e+03
-9.296162330131495537e+02
-1.046094314420971159e+03
-1.032447610917108250e+03
-1.223280692978264142e+03
-1.282479093403556362e+03
-9.777491009753822482e+02
-7.693052954955066980e+02
-1.019198398436883735e+03
-1.176740937173834254e+03
-1.173910811065343296e+03
-1.104231769251465494e+03
-9.942494043933418197e+02
-1.062588799261448230e+03
-1.261510086162867992e+03
-1.200820490259796998e+03
-1.076512533411294498e+03
-1.174996806588347908e+03
-1.196983171292335101e+03
-1.153635677730729867e+03
-1.091725189154192549e+03
-1.352399405152452118e+03
-1.360912847202426974e+03
-1.212948473084416037e+03
-1.055778520978417191e+03
-1.146504794319849680e+03
-1.185607876536222875e+03
-1.155415475215534798e+03
-1.079449090873737305e+03
-1.075158693843427727e+03
-1.115955668970411807e+03
-1.188148116624296563e+03
-1.130099996930961197e+03
-1.015347489857893265e+03
-1.208991552866586289e+03
-1.055400240791315127e+03
-1.075022583849167859e+03
-1.020420555536838151e+03
-6.328002127330681787e+02
-7.692213950028797171e+02
-7.443543481396935704e+02
-1.000952937772035739e+03
-7.647059093768680214e+02
-1.084589246217271238e+03
-8.595746583274899422e+02
-9.864257474035690620e+02
-1.031942312748686163e+03
-1.008516656817602097e+03
-7.713392136524078069e+02
-7.534857784181260740e+02
-1.019393427815435189e+03
-1.048521248140039916e+03
-9.658996688273673499e+02
-8.875574227359177257e+02
-9.103594161316746067e+02
-8.410617066391672552e+02
-7.603002296107870279e+02
-6.362695368123725075e+02
-1.091402393838783837e+03
-1.180390713037472096e+03
-9.402202826431782796e+02
-1.168191602709028757e+03
-7.930258078731476417e+02
-7.734600460256917813e+02
-5.332699311743620001e+02
-1.033804346876069076e+03
-1.058885182949002001e+03
-9.570025950257846716e+02
-8.782027797473681403e+02
-7.507151118717542886e+02
-8.760287662294125539e+02
-6.305754522309810000e+02
-8.703031897313335321e+02
-8.789391918958467613e+02
-7.959831746282467293e+02
-1.047139795492677649e+03
-9.975440020294416854e+02
-1.152705532853994100e+03
-1.042589739107462265e+03
-9.185290744127231619e+02
-1.191924687755932155e+03
-5.046831103713914786e+02
-1.150359077721676158e+03
-9.154079897493444378e+02
-1.067569851848951657e+03
-9.015231235464368638e+02
-8.729197459174752112e+02
-6.013075077750746686e+02
-9.663926904111200429e+02
-1.034028532862902694e+03
-1.200963765483656744e+03
-1.333289353107010584e+03
-1.393591803838546639e+03
-1.333865516374685058e+03
-1.428116685572538472e+03
-1.342753828169116787e+03
-1.403831587895941766e+03
-1.183390955011980850e+03
-1.350829063661110013e+03
-1.354094621564698855e+03
-1.078776898385230197e+03
-1.244910699279951587e+03
-1.225992577303146390e+03
-1.074188705953495628e+03
-9.021748584568045999e+02
-6.565406212179293561e+02
-6.402960505847123613e+02
-8.271890557505644210e+02
-1.196083792405225722e+03
-1.235879913570405279e+03
-1.196601239076464026e+03
-1.028967767844678292e+03
-7.905373084304115991e+02
-8.079503216015145881e+02
-9.308208756625217575e+02
-9.085148864203222274e+02
-7.872277811281868480e+02
-1.178791398702135211e+03
-1.096788757686146255e+03
-1.091537694370672170e+03
-1.277993240541744399e+03
-1.304878018223346771e+03
-1.233030364349266392e+03
-1.341040325923329192e+03
-1.204489476812982957e+03
-1.239012797391409777e+03
-1.078428942656764775e+03
-1.065591814637659127e+03
-1.044970948408564027e+03
-1.071196050591262065e+03
-1.049752915976943996e+03
-7.752587628752430646e+02
-1.115896800698130392e+03
-8.822024365368607732e+02
-8.483244068221047200e+02
-1.218525413605917720e+03
-1.310081261847764836e+03
-9.697538902452423599e+02
-1.109337107727995544e+03
-1.240647968515285356e+03
-1.228793647893395473e+03
-1.225641583291804181e+03
-1.065269012554099390e+03
-7.874598972944140769e+02
-1.182490138083022657e+03
-1.136298560214951067e+03
-1.216526390366867872e+03
-1.116243737163965079e+03
-1.070323093401288816e+03
-1.128341977084028485e+03
-1.096503786293246776e+03
-1.153726317294258706e+03
-1.136528298802514655e+03
-9.622323153991294475e+02
-9.102138350166458167e+02
-1.196308189688855236e+03
-1.212287858703413349e+03
-1.041047347364997904e+03
-6.415722958416703250e+02
-1.150711300039379921e+03
-8.918216940621647382e+02
-9.140629885203535423e+02
-9.066873461359057274e+02
-7.680796845207912611e+02
-1.073632707848849805e+03
-1.064612894723440149e+03
-9.439454714035035749e+02
-1.188100118374649128e+03
-1.097333671079917622e+03
-8.776745512017096189e+02
-6.356334693914931222e+02
-8.225906261847711676e+02
-7.962061567640073463e+02
-8.110535640528049726e+02
-1.030891774216927615e+03
-9.989885991846839488e+02
-1.018915963110306620e+03
-1.058964422512367946e+03
-8.194545145952323537e+02
-1.127743532324717989e+03
-1.000419635755247782e+03
-7.877911990149652866e+02
-6.802966146352287069e+02
-6.397940067975816874e+02
-9.225288065505185386e+02
-9.079682555519796097e+02
-7.820988513022701909e+02
-6.208862880708323928e+02
-7.565883725511008606e+02
-9.928507249456720274e+02
-5.209308120830847884e+02
-7.679501048654182114e+02
-7.233192442673381493e+02
-7.953070743440508750e+02
-9.418710381783389494e+02
-7.607403691427772401e+02
-9.255288023186848250e+02
-1.024855906948625034e+03
-8.991491749850026736e+02
-9.321038967366175712e+02
-8.947948962407060662e+02
-9.286438441187470971e+02
-7.735143509494706677e+02
-1.045635244600117176e+03
-1.061854541297715514e+03
-1.033840384353404261e+03
-1.048188154543288874e+03
-1.057996210869911465e+03
-7.930927019451770548e+02
-8.930532310561598024e+02
-8.180050418632962419e+02
-9.843967232314083731e+02
-1.008023559990878880e+03
-6.344085398327443954e+02
-6.328712221081856342e+02
-8.880581423323944819e+02
-6.455998108705995264e+02
-7.827985593814703407e+02
-9.517610547354873916e+02
-5.985905905241271512e+02
-8.858476822567115505e+02
-9.306493279526511060e+02
-8.205653494231117975e+02
-6.333894023911542490e+02
-6.439114267190117289e+02
-7.623497464535337258e+02
-9.143582167151492968e+02
-9.959768554111656158e+02
-8.863630843681015676e+02
-6.884529721732981216e+02
-6.473099638130585163e+02
-3.837052838299061364e+02
-7.954316209089423637e+02
-6.497597854718056851e+02
-5.434711593712228250e+02
-6.429219339692007225e+02
-5.181803959108221989e+02
-5.172686878935968480e+02
-6.971511624748071654e+02
-9.131098984937756313e+02
-5.137049372895615988e+02
-9.865194841619543240e+02
-8.640923526225454907e+02
-1.047618292917755298e+03
-9.225586384587581961e+02
-1.136331946939356612e+03
-9.498618641507085840e+02
-7.681503773122100256e+02
-7.646011414639870054e+02
-6.993088960092090929e+02
-5.062969721201347966e+02
-7.920429324739270669e+02
-1.051091803011729098e+03
-6.798818882901503002e+02
-1.028249251960469792e+03
-6.577648316395400343e+02
-7.698998313276312047e+02
-3.934745399720648606e+02
-6.391603429544800292e+02
-3.931300216574135789e+02
-7.186117094772166638e+02
-4.210488989172833385e+02
-7.600026247670658677e+02
-7.651664566705363768e+02
-6.449155555414514538e+02
-8.773472134898361219e+02
-1.113091590743551706e+03
-1.066904609056017307e+03
-8.676267678081413806e+02
-7.928757925586457986e+02
-9.062065068837688386e+02
-1.006611065655002108e+03
-8.284874528920795456e+02
-7.840098725486951707e+02
-7.662767144921531326e+02
-6.593003774139497182e+02
-7.424015779411603262e+02
-7.822556731602930995e+02
-7.715239111012361946e+02
-9.452126183499266290e+02
-6.502091282159736920e+02
-7.997341530488982926e+02
-1.016138299837550335e+03
-1.057298403303510668e+03
-7.900972206135278384e+02
-7.996016201915801958e+02
-8.109371424936408630e+02
-6.463250945389713706e+02
-9.350520176206917995e+02
-7.606737546284384734e+02
-8.402974019040316307e+02
-8.356293999788439351e+02
-1.013184222332248282e+03
-8.962638994416962532e+02
-1.049293847022796626e+03
-1.056382198385278798e+03
-8.945577605827162415e+02
-9.754428431562330388e+02
-5.204109667648815503e+02
-9.413917943042081333e+02
-4.241387887454642396e+02
-6.489240481538378162e+02
-7.733766116407005029e+02
-2.495102210811649854e+02
-1.213583399233301407e+03
-9.431220222465044571e+02
-3.797039935355180091e+02
-7.762438919541325504e+02
-2.655832180475061364e+02
-3.820870758888080445e+02
-8.413313245777582097e+02
-6.425518933420009944e+02
-6.418993363905676688e+02
-6.390536433996010146e+02
-8.302056622217234008e+02
-8.127274489630880225e+02
-9.043222959473608853e+02
-6.448230745104623338e+02
-9.205094682634691026e+02
-6.441196497068042390e+02
-7.618468351945716677e+02
-6.424574156622321652e+02
-6.432320312815069201e+02
-7.842545782401331280e+02
-9.148705369065388595e+02
-7.587526808457047309e+02
-7.271260963350055135e+02
-3.857315162203881300e+02
-6.901123281656582549e+02
-6.407026929119931538e+02
-6.446674070764530597e+02
-6.481032719431407259e+02
-3.828071704729679823e+02
-6.761039772551889655e+02
-7.657762630887822297e+02
-6.375716753614224217e+02
-3.858014933582624053e+02
-6.550088728702173739e+02
-6.454786424794045843e+02
-8.639270045286888262e+02
-3.862361757893451681e+02
-7.542723253035431981e+02
-3.901229723100182696e+02
-6.602279822164505276e+02
-6.725466240389193899e+02
-6.255291680789889597e+02
-6.427459708889875856e+02
-7.972902519344411303e+02
-5.096635367257252369e+02
-3.867715933797156254e+02
-6.501557981124296930e+02
-2.631505059387851020e+02
-6.345357036919152733e+02
-5.143500084143993263e+02
-5.098326103580814674e+02
-5.180498123905672401e+02
-5.156434039021390845e+02
-7.739218472580537309e+02
-6.504568596895677501e+02
-7.621476412478818929e+02
-6.411361310534470022e+02
-5.046960295508868626e+02
-6.429577957067212992e+02
-4.451906259043598197e+02
-8.176631304536106200e+02
-7.701168621152349942e+02
-5.977188569703369012e+02
-2.573957046670108753e+02
-4.174033657755994682e+02
-2.670397630757860270e+02
-1.289762652187093863e+02
-6.306421444807673424e+02
-8.898394228117035709e+02
-6.310181597708243544e+02
-3.871248917550551596e+02
-1.408243814573734767e+02
-4.438865935359299897e+02
-6.297892620437331743e+02
-2.239345133433194803e+02
-6.429288603505536912e+02
-3.825211484205093484e+02
-2.582576753175554245e+02
-2.599549507393214753e+02
-3.879187939598587036e+02
-3.892022540022715020e+02
-7.218273098382750277e+02
-5.226554293720697615e+02
-8.586902941715136421e+02
-7.869891660499794170e+02
-3.966538433205881233e+02
-4.193523424668451298e+02
-9.071639211687165698e+02
-6.697333372462716170e+02
-3.879674101409385685e+02
-2.586362254813710138e+02
-2.590100067456159536e+02
-2.115574557626963337e+00
-5.320661592090290242e+02
-1.329638719286591879e+02
-2.602609129369664629e+02
-2.500553619260971914e+02
-8.057644924552381553e+02
-6.008296300902775329e+02
-9.541766682474793697e+02
-3.830335328753409385e+02
-2.570977342809856054e+02
-3.877973811129908199e+02
-6.459642546121646092e+02
-6.579370128437350331e+02
-5.228071474422082474e+02
-5.297176270908847755e+02
-7.969215380985716592e+02
-5.157239509938890478e+02
-2.560472061348741590e+02
-3.861351690623839659e+02
-3.936314557624979216e+02
-5.220025862819586564e+02
-2.984910009607556702e+00
-3.781784926156244637e+02
-5.143136128718761029e+02
-3.802271836462751367e+02
-3.795055788287978658e+02
-3.817681362458526451e+02
-2.596691184223213895e+02
-2.642639013835403148e+02
-6.469533615098069959e+02
-1.280849049428003923e+02
-3.831675068878498678e+02
-1.309073119560111422e+02
-5.774270509949917596e+02
-3.921278037972536481e+02
-1.273333370397445066e+02
-4.919250325497480389e+02
-8.088518447892055292e+02
-2.523229080775642501e+02
-3.905293819184745416e+02
-1.269876685496682143e+02
-2.540326179046160462e+02
-5.170132645990987612e+02
-7.813643567078119077e+02
-2.631072414910217958e+02
-2.572843507476578111e+02
-1.300243230069657807e+00
-5.400445180228512072e+02
-5.296401972729838690e+02
-3.746358419733968503e+02
-7.313070001311829174e+02
-3.738825343421719367e+02
-3.912035449921630175e+02
-3.889133313174311297e+02
-5.216986714794502404e+02
-1.291295334581638201e+02
-5.322195123398162195e+02
-5.903804005838275692e-01
-2.601573179458259233e+02
-2.578668125373177986e+02
-5.520768798302162494e-01
-3.766092521304800584e+02
-1.290014021033312304e+02
-2.610205338400598976e+02
-2.615165722360440554e+02
-6.177944519960737457e-01
-5.190611574516627797e+02
-3.772721289962134961e+02
-5.270321565399704014e+02
-4.946251473781098298e+02
-3.904819456225438898e+02
-2.601130836005179958e+02
-9.433330280268368284e-01
-9.420318752888119889e+02
-8.600832788340841262e+02
-7.365678372122251858e+02
-9.339424990210059150e+02
-4.998380704634621452e+02
-6.507180274562588238e+02
-4.581531428514406343e+02
-1.290942229857490418e+02
-1.267236444494896688e+02
-3.823289086617134291e+00
-2.603694514806159077e+02
-3.898501351010861526e+02
-6.558525560091691204e+02
-6.389485454761463643e+02
-1.244085804789109773e+02
-5.246567624737689357e+02
-4.054320480247220075e+02
-5.211084547538005154e+02
-3.772832139268058995e+02
-5.186907962183627205e+02
-4.248468350463365368e+02
-2.531282679894776209e+02
-5.835033994383478557e+02
-2.545148554326667920e+02
-1.811194849522725026e+00
-9.288767527914317270e+02
-1.267413581169399066e+02
-9.099139350585144257e+02
-5.884852799840771240e+02
-2.539942311966235309e+02
-7.666753254084629488e-01
-1.305686687399389712e+02
-6.416614387770184749e+02
-5.095333381899517917e+02
-2.622941457069393891e+02
-1.967152931925846504e+00
-2.503825808165818501e+02
-1.276985330449819998e+02
-2.568084978818328068e+02
-2.580336349168177321e+02
-1.316097781663765431e+02
-4.039693358260178115e+02
-3.869591175036101731e+02
-8.022924060058582718e-01
-2.543247042490043075e+00
-3.923972525086900305e+02
-2.630625833107908988e+02
-2.613377202316493140e+02
-1.260258307481864222e+02
-2.614734143302724192e+02
-1.251709627200312980e+02
-1.288086654098464408e+02
-1.003780449933583100e+03
-2.542962927491670371e+02
-1.270253407546100561e+02
-3.792849032740152779e+02
-4.549146830541051258e+02
-8.901597110782610116e+02
-2.627821869756338629e+02
-4.087282759613656822e+02
-1.297171357461323851e+02
-1.300997887743680508e+02
-2.604815142865610369e+02
-2.619059633428756229e+02
-1.349770301837593722e+00
-5.332380820820574172e+02
-1.295086321692489832e+02
-5.834058439633648119e-01
-1.215755165963857110e+02
-3.814685708727848805e+02
-2.601422854135680609e+02
-1.284184114939153005e+02
-2.638851911593736759e+02
-1.305105815743441156e+02
-3.937258433769673616e+02
-1.197228715476463776e+03
-4.543633569818121032e+02
-5.099690170675482932e+02
-9.431586098873517585e+02
-6.582614964027012547e+02
-2.522866030976832690e+02
-1.312382585277823637e+02
-4.241272209600388692e+02
-9.097753406586045912e+02
-4.730587543318220511e+00
-4.577099218214785310e+02
-2.672484346401663515e+02
-1.302960315986012176e+02
-2.591896447651106428e+02
-2.521303889846364257e+02
-1.289819271561131302e+02
-1.579285309936232062e+00
-3.895203519831433141e+02
-2.577320439496318727e+02
-2.577676240684298250e+02
-2.637474549130392916e+02
-1.343609615372380688e+02
-2.683921122735796985e+02
-1.289787675362231880e+02
-2.636951521185769707e+02
-7.838492877422780793e+02
-4.755827436821744527e+02
-3.247337911049042347e+00
-2.656858337168934554e+02
-1.267266100201430135e+02
-1.248122592368197843e+02
-1.445940349935744162e+00
-1.240726795706808661e+00
-4.770025123328916834e+02
-1.287849825532241539e+02
-5.443158910330601064e-01
-4.306400341371885929e+02
-4.223744400926348703e+02
-9.406830913831884118e+02
-5.071317645730564436e+02
-5.243226791118751180e+02
-1.268397645639185498e+02
-1.294042829018064822e+02
-1.298141076641897484e+02
-3.837661661150859800e+02
-4.053626618859374275e+02
-2.696917487326690548e+02
-3.983332979835529954e+02
-1.973942739326232321e+00
-1.321729852833403811e+02
-1.335845046483794079e+02
-2.561716135334331170e+02
-5.258321246461730425e+02
-2.576388949634078358e+02
-1.309880296325198685e+02
-1.265125692154324213e+02
-1.223705918588438690e+00
-2.635568350070520864e+02
-2.605587450906185722e+02
-2.523700914055575311e+02
-1.214330095117724824e+02
-2.653767159926166528e+02
-3.872412605238275205e+02
-7.937211960396001187e-01
-1.276029928405812655e+02
-1.284500294307795230e+02
-3.785390802507320700e+02
-1.295710899378569820e+02
-2.742714230985230301e+02
-2.614853872990069021e+02
-1.354715224121061397e+02
-1.257031162566780580e+02
-1.289466051891735674e+02
-4.419517896696193437e-01
-2.623771647332537782e+02
-1.283851276411154458e+02
-7.823892235044932022e+02
-4.758764941503522437e+02
-5.259563189705444008e-01
-1.246922092229362562e+02
-4.229831154624851592e+02
-1.078608302348875503e+00
-4.537275898914364802e+02
-4.890670170472626523e+02
-9.459776679530808678e+02
-1.228993214550224451e+02
-2.664616617501734481e+02
-8.787713258970889001e+02
-2.630801222682895855e+02
-1.288463968911070765e+02
-1.313818397279820829e+02
-1.289523798944011901e+02
-1.514546076784577977e+00
-3.906317067639673724e+02
-2.522356284597083516e+02
-1.289818412357041950e+02
-1.317058404430887606e+02
-2.638820938345815534e+02
-2.557301933481744243e+02
-4.016544173446442869e+02
-3.803775841061447522e+02
-1.298278313666887414e+02
-3.829523457344232042e+02
-1.679470536333438568e+00
-1.319147239142291710e+02
-3.803096556682999676e+02
-2.622901400518495052e+02
-2.558106940572457120e+02
-1.303159434203623164e+02
-1.329966573438451292e+02
-1.288971323419384021e+02
-4.132183514325600981e+02
-1.271150740012580656e+02
-1.286516670807782248e+02
-2.584899348872779683e+02
-6.370681556937241030e-01
-2.596308148852186264e+02
-1.257561314042371805e+02
-6.326940081662778539e+02
-3.862644383704812299e+02
-2.584750226544696829e+02
-3.772673578372138650e+02
-2.454936442524757467e+02
-4.573147682809656658e+02
-1.304042254690800746e+02
-6.472398742478281974e+02
-3.956927326720448832e+02
-2.581429576368607286e+02
-1.333973994793077793e+02
-2.612386166771908051e+02
-1.345400626367562325e+02
-2.564645237565133016e+02
-2.667694883869392015e+02
-2.580763114091798798e+02
-1.275178324337293390e+02
-3.449339830221121339e+00
-5.497535932020152227e-01
-1.278883989561538499e+02
-5.195965436900376062e+02
-4.017725542403387067e+02
-1.328297084004074406e+02
-5.468383131528637477e+02
-2.535060266157530862e+02
-1.292334651878425973e+02
-3.873592438713257025e+02
-2.630191144014753490e+02
-2.591179094877232387e+02
-2.607630772788851914e+02
-2.589568773775129102e+02
-9.208425220172483705e+02
-5.197335405284107992e+02
-6.837934592878499585e-01
-1.350750897660892633e+02
-3.951253316388516055e+02
-5.248129540911805861e+02
-8.625357975617434780e-01
-1.268919037567789871e+02
-1.285692121146708189e+02
-2.763071566573484006e+02
-1.274045948906346979e+02
-1.284165721060834358e+02
-1.302091167099371489e+02
-2.533561977635992548e+02
-1.229509879597196402e+02
-9.414677278889787431e+02
-2.672856510002107484e+02
-1.310121109843403815e+02
-3.885923224535620193e+02
-2.670228867445738388e+02
-1.273569744394405774e+02
-1.316848417072986308e+02
-1.267057086980684346e+02
-8.186476182782625983e+02
-2.595709421353560060e+02
-2.590394958945209964e+02
-4.044596595529753245e+02
-6.912554275882959018e+02
-1.286490249161951454e+02
-4.077822314522908869e+02
-6.013094006620702885e+02
-5.291229021341902126e+02
-3.929642339616742674e+02
-4.017995312104421259e+02
-2.630065894162062818e+02
-1.274174958145705290e+02
-2.573276278269668182e+02
-1.292736159990187446e+02
-4.801664373918422370e+02
-2.698073263177074068e+02
-2.546819490962726888e+02
-4.927470731559857313e+02
-1.246669845509757693e+02
-5.026262381052177943e+02
-1.304218314715417364e+02
-3.758770328445095288e+02
-1.318424955971471206e+02
-2.565895840400812631e+02
-1.255565711498607726e+02
-2.545219435344176020e+02
-1.287442731781234784e+02
-4.075733890735134537e+02
-1.299285555080782899e+02
-3.144992735464233746e-01
-1.281459568115000138e+02
-5.136192993332555261e+02
-4.353475567032189133e+02
-5.195914420258210384e+02
-2.526007873609617604e+02
-1.240918670755728357e+02
-2.626850572607111189e+02
-6.582746972736839552e+02
-4.947331314164079004e+02
-4.020508489736430988e+02
-2.623428727647668097e+02
-4.101561075577131987e+02
-3.954557750592947514e+02
-1.299227390449138113e+02
-1.255654818830338257e+02
-3.629787682382300318e+02
-1.320244321016432991e+02
-2.633919999932788301e+02
-1.293993616807668445e+02
-6.963319898889261950e-01
-7.817524980787737832e-01
-2.609161640772559281e+02
-1.301797838163233791e+02
-2.668159374390248786e+02
-1.293509227250134757e+02
-1.235842604468915766e+02
-1.276793173626450937e+02
-1.256355256839519541e+02
